1,1,0.955,10.67,0.0,0.0,51,27,0
2,2,0.971,11.22,0.0,0.0,20,9,0
3,2,0.968,11.56,0.0,0.0,39,10,0
4,1,0.998,15.28,0.0,0.0,39,12,0
5,2,1.002,15.73,0.0,0.0,0,0,-40
6,1,0.99,13.0,0.0,0.0,52,22,0
7,2,0.989,12.56,0.0,0.0,19,2,0
8,1,1.015,20.77,0.0,0.0,28,0,0
9,2,1.043,28.02,0.0,0.0,0,0,0
10,1,1.05,35.61,450.0,0.0,0,0,0
11,2,0.985,12.72,0.0,0.0,70,23,0
12,1,0.99,12.2,85.0,0.0,47,10,0
13,2,0.968,11.35,0.0,0.0,34,16,0
14,2,0.984,11.5,0.0,0.0,14,1,0
15,1,0.97,11.23,0.0,0.0,90,30,0
16,2,0.984,11.91,0.0,0.0,25,10,0
17,2,0.995,13.74,0.0,0.0,11,3,0
18,1,0.973,11.53,0.0,0.0,60,34,0
19,1,0.963,11.05,0.0,0.0,45,25,0
20,2,0.958,11.93,0.0,0.0,18,3,0
21,2,0.959,13.52,0.0,0.0,14,8,0
22,2,0.97,16.08,0.0,0.0,10,5,0
23,2,1.0,21.0,0.0,0.0,7,3,0
24,1,0.992,20.89,0.0,0.0,13,0,0
25,1,1.05,27.93,220.0,0.0,0,0,0
26,1,1.015,29.71,314.0,0.0,0,0,0
27,1,0.968,15.35,0.0,0.0,71,13,0
28,2,0.962,13.62,0.0,0.0,17,7,0
29,2,0.963,12.63,0.0,0.0,24,4,0
30,2,0.968,18.79,0.0,0.0,0,0,0
31,1,0.967,12.75,7.0,0.0,43,27,0
32,1,0.964,14.8,0.0,0.0,59,23,0
33,2,0.972,10.63,0.0,0.0,23,9,0
34,1,0.986,11.3,0.0,0.0,59,26,14
35,2,0.981,10.87,0.0,0.0,33,9,0
36,1,0.98,10.87,0.0,0.0,31,17,0
37,2,0.992,11.77,0.0,0.0,0,0,-25
38,2,0.962,16.91,0.0,0.0,0,0,0
39,2,0.97,8.41,0.0,0.0,27,11,0
40,1,0.97,7.35,0.0,0.0,66,23,0
41,2,0.967,6.92,0.0,0.0,37,10,0
42,1,0.985,8.53,0.0,0.0,96,23,0
43,2,0.978,11.28,0.0,0.0,18,7,0
44,2,0.985,13.82,0.0,0.0,16,8,10
45,2,0.987,15.67,0.0,0.0,53,22,10
46,1,1.005,18.49,19.0,0.0,28,10,10
47,2,1.017,20.73,0.0,0.0,34,0,0
48,2,1.021,19.93,0.0,0.0,20,11,15
49,1,1.025,20.94,204.0,0.0,87,30,0
50,2,1.001,18.9,0.0,0.0,17,4,0
51,2,0.967,16.28,0.0,0.0,17,8,0
52,2,0.957,15.32,0.0,0.0,18,5,0
53,2,0.946,14.35,0.0,0.0,23,11,0
54,1,0.955,15.26,48.0,0.0,113,32,0
55,1,0.952,14.97,0.0,0.0,63,22,0
56,1,0.954,15.16,0.0,0.0,84,18,0
57,2,0.971,16.36,0.0,0.0,12,3,0
58,2,0.959,15.51,0.0,0.0,12,3,0
59,1,0.985,19.37,155.0,0.0,277,113,0
60,2,0.993,23.15,0.0,0.0,78,3,0
61,1,0.995,24.04,160.0,0.0,0,0,0
62,1,0.998,23.43,0.0,0.0,77,14,0
63,2,0.969,22.75,0.0,0.0,0,0,0
64,2,0.984,24.52,0.0,0.0,0,0,0
65,1,1.005,27.65,391.0,0.0,0,0,0
66,1,1.05,27.48,392.0,0.0,39,18,0
67,2,1.02,24.84,0.0,0.0,28,7,0
68,2,1.003,27.55,0.0,0.0,0,0,0
69,0,1.035,30.0,516.4,0.0,0,0,0
70,1,0.984,22.58,0.0,0.0,66,20,0
71,2,0.987,22.15,0.0,0.0,0,0,0
72,1,0.98,20.98,0.0,0.0,12,0,0
73,1,0.991,21.94,0.0,0.0,6,0,0
74,1,0.958,21.64,0.0,0.0,68,27,12
75,2,0.967,22.91,0.0,0.0,47,11,0
76,1,0.943,21.77,0.0,0.0,68,36,0
77,1,1.006,26.72,0.0,0.0,61,28,0
78,2,1.003,26.42,0.0,0.0,71,26,0
79,2,1.009,26.72,0.0,0.0,39,32,20
80,1,1.04,28.96,477.0,0.0,130,26,0
81,2,0.997,28.1,0.0,0.0,0,0,0
82,2,0.989,27.24,0.0,0.0,54,27,20
83,2,0.985,28.42,0.0,0.0,20,10,10
84,2,0.98,30.95,0.0,0.0,11,7,0
85,1,0.985,32.51,0.0,0.0,24,15,0
86,2,0.987,31.14,0.0,0.0,21,10,0
87,1,1.015,31.4,4.0,0.0,0,0,0
88,2,0.987,35.64,0.0,0.0,48,10,0
89,1,1.005,39.69,607.0,0.0,0,0,0
90,1,0.985,33.29,0.0,0.0,163,42,0
91,1,0.98,33.31,0.0,0.0,10,0,0
92,1,0.993,33.8,0.0,0.0,65,10,0
93,2,0.987,30.79,0.0,0.0,12,7,0
94,2,0.991,28.64,0.0,0.0,30,16,0
95,2,0.981,27.67,0.0,0.0,42,31,0
96,2,0.993,27.51,0.0,0.0,38,15,0
97,2,1.011,27.88,0.0,0.0,15,9,0
98,2,1.024,27.4,0.0,0.0,34,8,0
99,1,1.01,27.04,0.0,0.0,42,0,0
100,1,1.017,28.03,252.0,0.0,37,18,0
101,2,0.993,29.61,0.0,0.0,22,15,0
102,2,0.991,32.3,0.0,0.0,5,3,0
103,1,1.001,24.44,40.0,0.0,23,16,0
104,1,0.971,21.69,0.0,0.0,38,25,0
105,1,0.965,20.57,0.0,0.0,31,26,20
106,2,0.962,20.32,0.0,0.0,43,16,0
107,1,0.952,17.53,0.0,0.0,50,12,6
108,2,0.967,19.38,0.0,0.0,2,1,0
109,2,0.967,18.93,0.0,0.0,8,3,0
110,1,0.973,18.09,0.0,0.0,39,30,6
111,1,0.98,19.74,36.0,0.0,0,0,0
112,1,0.975,14.99,0.0,0.0,68,13,0
113,1,0.993,13.74,0.0,0.0,6,0,0
114,2,0.96,14.46,0.0,0.0,8,3,0
115,2,0.96,14.46,0.0,0.0,22,7,0
116,1,1.005,27.12,0.0,0.0,184,0,0
117,2,0.974,10.67,0.0,0.0,20,8,0
118,2,0.949,21.92,0.0,0.0,33,15,0
